tm,name,step1,step2_adj,step2,step3_adj,step4,step5_adj,step5
SFG,r,804,9.29,813.29,-152.95,660.3399999999999,0.9823659452258218,648.6955282704191
SFG,ra,594,-5.04,588.96,40.52,629.48,0.993873486883868,625.6234825236572
LAD,r,830,-25.02,804.98,83.33,888.3100000000001,0.9823659452258218,872.6454928035498
LAD,ra,561,5.69,566.69,65.2,631.8900000000001,0.993873486883868,628.0187176270474
TBR,r,857,-64.91,792.09,-10.88,781.21,0.9823659452258218,767.4341000698643
TBR,ra,651,11.96,662.96,1.84,664.8000000000001,0.993873486883868,660.7270940803955
MIL,r,738,-31.63,706.37,-36.35,670.02,0.9823659452258218,658.204830620205
MIL,ra,623,19.98,642.98,25.78,668.76,0.993873486883868,664.6628330884556
HOU,r,863,-21.99,841.01,-4.77,836.24,0.9823659452258218,821.4936980356412
HOU,ra,658,-5.21,652.79,13.08,665.87,0.993873486883868,661.7905387113613
CHW,r,796,-25.6,770.4,-14.78,755.62,0.9823659452258218,742.2953555315354
CHW,ra,636,5.93,641.93,81.11,723.04,0.993873486883868,718.6102859565119
BOS,r,829,-13.69,815.31,49.51,864.8199999999999,0.9823659452258218,849.5697167501951
BOS,ra,749,-17.18,731.82,37.69,769.51,0.993873486883868,764.7955868920053
NYY,r,711,15.8,726.8,116.25,843.05,0.9823659452258218,828.183610122629
NYY,ra,669,10.89,679.89,-6.42,673.47,0.993873486883868,669.3439772116786
TOR,r,846,1.08,847.08,-46.95,800.13,0.9823659452258218,786.0204637535368
TOR,ra,663,-26.26,636.74,-20.05,616.69,0.993873486883868,612.9118406264126
STL,r,706,1.81,707.81,-16.99,690.8199999999999,0.9823659452258218,678.6380422809021
STL,ra,672,15.53,687.53,2.79,690.3199999999999,0.993873486883868,686.0907454656717
SEA,r,697,-36.47,660.53,88.88,749.41,0.9823659452258218,736.1948630116831
SEA,ra,748,12.15,760.15,8.4,768.55,0.993873486883868,763.8414683445967
ATL,r,794.91,-16.16,778.75,60.85,839.6,0.9823659452258218,824.7944476115999
ATL,ra,660.07,-9.14,650.9300000000001,-5.4,645.5300000000001,0.993873486883868,641.5751519881434
OAK,r,743,-15.55,727.45,-101.33,626.12,0.9823659452258218,615.0789656247915
OAK,ra,687,-9.2,677.8,52.28,730.0799999999999,0.993873486883868,725.6071553041743
CIN,r,786,-4.3,781.7,-35.07,746.63,0.9823659452258218,733.4638856839553
CIN,ra,760,-12.87,747.13,38.27,785.4,0.993873486883868,780.5882365985899
PHI,r,734,-13.54,720.46,27.79,748.25,0.9823659452258218,735.0553185152212
PHI,ra,745,22.34,767.34,10.47,777.8100000000001,0.993873486883868,773.0447368331414
CLE,r,717,-32.46,684.54,52.79,737.3299999999999,0.9823659452258218,724.3278823933551
CLE,ra,727,4.81,731.81,-30.98,700.8299999999999,0.993873486883868,696.5363558128212
SDP,r,729,-15.83,713.17,59.3,772.4699999999999,0.9823659452258218,758.8482217085905
SDP,ra,708,-8.26,699.74,-65.92,633.82,0.993873486883868,629.9368934567333
DET,r,697,-18.12,678.88,77.54,756.42,0.9823659452258218,743.0812482877161
DET,ra,756,-12.22,743.78,-42.07,701.7099999999999,0.993873486883868,697.4109644812789
NYM,r,636,18.53,654.53,59.06,713.5899999999999,0.9823659452258218,701.00651485369406
NYM,ra,668,13.27,681.27,-27.92,653.35,0.993873486883868,649.3472426555752
LAA,r,723,-23.81,699.19,93.86,793.0500000000001,0.9823659452258218,779.065312861338
LAA,ra,804,42.1,846.1,8.29,854.39,0.993873486883868,849.155568458708
COL,r,743.59,-20.71,722.88,-54.54,668.34,0.9823659452258218,656.5544558322257
COL,ra,800.94,14.19,815.1300000000001,62.72,877.8500000000001,0.993873486883868,872.4718404610037
KCR,r,686,-14.75,671.25,106.97,778.22,0.9823659452258218,764.4968258936391
KCR,ra,788,31.3,819.3,-2.28,817.02,0.993873486883868,812.0145162538578
MIN,r,729,17.7,746.7,51.65,798.35,0.9823659452258218,784.2718523710348
MIN,ra,834,33.07,867.07,-85.21,781.86,0.993873486883868,777.069924455021
CHC,r,705,-12.13,692.87,-22.87,670,0.9823659452258218,658.1851833013006
CHC,ra,839,-0.54,838.46,-48.28,790.1800000000001,0.993873486883868,785.3389518658948
MIA,r,623,-7.61,615.39,22.26,637.65,0.9823659452258218,626.4056449732452
MIA,ra,701,7.69,708.69,5.86,714.5500000000001,0.993873486883868,710.172300052868
WSN,r,724,28.32,752.32,-55.55,696.7700000000001,0.9823659452258218,684.4831196549959
WSN,ra,820,7.02,827.02,-12.26,814.76,0.993873486883868,809.7683621735002
PIT,r,609,8.08,617.08,16.2,633.2800000000001,0.9823659452258218,622.1127057926085
PIT,ra,833,-6.02,826.98,-47.08,779.9,0.993873486883868,775.1219324207286
TEX,r,625,-4.16,620.84,116.19,737.03,0.9823659452258218,724.0331726097874
TEX,ra,815,26.29,841.29,-51.48,789.81,0.993873486883868,784.9712186757478
BAL,r,659,21.99,680.99,108.18,789.1700000000001,0.9823659452258218,775.2537329938618
BAL,ra,956,39.77,995.77,-13.47,982.3,0.993873486883868,976.2819261660235
ARI,r,679,-12,667,65.52,732.52,0.9823659452258218,719.602702196819
ARI,ra,893,1.37,894.37,-73.15,821.22,0.993873486883868,816.1887848987701
